$ANSIBLE_VAULT;1.1;AES256
33666339623564613831326332383830616230376631646662633032666133663363633733626234
3661623532636561373134396535663531383935373137360a623832303065343438636533613832
39343333626163663564656235643630653832383039313764373331306131383730353364663665
3632626162396230610a633762303331303439303531353435346138373835623235346330323337
39306438643830363666353265643932653232366363336164643539623764613133623262306631
37326538386235646166643833326365366164376130636263623039313635623161666263643761
37353165323238393862373362646431383636383963643436623463636639623537663162643438
31646435393762393433303531336130353537646437386433646232303963633035653439653837
36333862373432363761353237326133613835343630616434316634386366313639613161336137
61396636373836343066393535356635363362656636663038316330663866626335663061653537
65656538376631313731383365653130663937366433396630326530616534623930383063303134
32323166663833303139373865373832613132616364613061393337616435613037326364313562
62396134646537626564666565386434323039653562336632363037656634623935353138323861
35613136343338666234393432326433663865663163306435356237633565356565643330313863
61626662653437633436646437373761333466336633626432336338646361616134383538633538
65363264393737633930396330376132333662626139643064613965316431393235366662363730
37313863376363656663366237376561633136656430306438326639623530656463646438303266
61316534666435376637383965643863326435363736653965373635343233353335366534386133
36306138663566643937626366363764316664356639346539646236363764323736616234316334
30653230343462626239353164346662333534343763373361623034613364613464616233663363
32306266373330383839633730303865616666636265336463616531353739633236323834383933
62356236373334373766373763643163633635363633333835343732353430393136613263303533
63333461346163316462626132313531393336643435633435306638633738353763316364616335
62313636353030653664616532656563336638336638356664643635373939623764663664613935
36373933643336663862333064636539303966353639393530613132306438383233356232366433
64623337353161306466343237383763316666336564626364336131373666646563386239626333
62636633346462356664626237636131663864393134353162306433393833303531653865353663
35323339646266353138396139343566346564666531373063396231633931333934333832336362
37323265386131613466656363323531383266336431643838336161656231613764323164616138
62326530666566633464373738346632663737393933396131346236373834313964643038646661
64643864666235373332383665656330643333386138386136363864316234626462346134343934
35363866626463343731623238643865353435376331343834383863613966653137656366316635
39333662396461643435343132663866663262343934376630333866323636613736323265366138
61343336346336623331396664653039613932383866613630666334316339666165363263306333
35303534326130353338336165373565613735303537663439363434333837303964353864353361
35636230333236393634383437353434373462303763666262376562326537303363616563613161
39333161653139383931383130336464326663396637613266303836383339346231613266336636
36666132346532626430643364366563623332306633666334626162343761323265343661353336
36333633363430383665313462366632616236643864616639393762363731313839666535353736
65616535643135383864343065396234343130376137386430636535366434383936306334373032
34313963633637643137323537313863343266646232616464386161353266386137373466306266
66393764636566326664306162363466383230323161333239336465666565326265383132336539
33386435653234663433343331623230643536373032653064636465313532396166356531613563
65613836333362663265336639313831396264393935643066363331386439613164656465626162
31363866656362343638363166626462646133343861343533323563333235346464366665613762
32316639393637626239373237323664383665343266333539353863613434326562306435336239
34633566366133663539376563323333333466633831313864333965616231356461633261626236
38363739373537343935653966623266666232653563326364326264366563363161303339663035
37633466306331343232656465353462353339666132393765616133323333663162636434633266
37636335616332656132353863636537386438343761626165323961623539616366623135373965
34303933666234386263653935386439613461626238393136666139393763623736636665396266
39353233333262393839663437393264623539613863303763643333376662613837653861666166
30643462346138646164303533323237616532336534313836613761353031333266393133303835
65666232383738623362633533313563366239636466353336363432326531326465356138633965
38663036333863653862666231376536343533646364653331633336336637656132666339643533
34623730353837333638393766313233313164663337663939313366613930616335336165653337
65623234326335356239346130666533346162646135343937623239383661363738
